1647392605374
1646009652779
1639436642684
1645922570967
1651585845817
1645985169576
1650728170270
1645926080550
1647435134265
1651458714636
1646000827552
1652214144695
1646713931690
1650871000207
1647539608157
1649333243725
1652729476601
1645758964662
1646372259129
1652015841528
1639281050642
1647338921566
1649806420236
1651388566081
1648264091234
1650613548180
1647212458063
1649336262185
1649049449028
1652012899230
1651384735368
1645991226489
1649052454639
1653074399401
1650730612086
1652217387536
1651394845192
1645978951365
1649718645932
1651798690454
1645982349061
1648619440979
1647241665779
1646596009578
1649606423143
1645988143777
1648663160924
1649871233189
1648567877096
1651557343655
1646003756762
1646195719753
1648777531474
1646711089725
1645975801303
1649874022082
1639410234093
1646975912307
1648229657917
1651588772282
1645994126962
1651786721857
1639305296545
1651795953116
1647997133658
1645997491080
1652211178501
1648562127736
1650874084785
1651511461045
1646012811909
1647244513898
1646015999792
1646006875686
1646019028192
